[
    {
        "id": 0,
        "img_name": "0",
        "width": 512,
        "height": 512,
        "position": [
            0.6841204762458801,
            0.03728204965591431,
            1.1048027276992798
        ],
        "rotation": [
            [
                -0.03524930030107498,
                0.849601149559021,
                -0.5262465476989746
            ],
            [
                0.9993077516555786,
                0.023696931079030037,
                -0.028678501024842262
            ],
            [
                -0.011894858442246914,
                -0.5268931984901428,
                -0.8498482704162598
            ]
        ],
        "fx": 560.4441410821737,
        "fy": 560.4441410821737
    },
    {
        "id": 1,
        "img_name": "1",
        "width": 512,
        "height": 512,
        "position": [
            0.14255893230438232,
            -1.2573490142822266,
            -0.2979094684123993
        ],
        "rotation": [
            [
                0.9939310550689697,
                -0.00869639590382576,
                -0.10966072976589203
            ],
            [
                0.10871952772140503,
                0.2296091765165329,
                0.9671916961669922
            ],
            [
                0.01676802709698677,
                -0.9732441306114197,
                0.22916115820407867
            ]
        ],
        "fx": 560.4441410821737,
        "fy": 560.4441410821737
    },
    {
        "id": 2,
        "img_name": "2",
        "width": 512,
        "height": 512,
        "position": [
            -0.6567445993423462,
            -0.1902441382408142,
            1.1056643724441528
        ],
        "rotation": [
            [
                0.22675885260105133,
                -0.832685649394989,
                0.5051881670951843
            ],
            [
                -0.9733986258506775,
                -0.1762930452823639,
                0.14634165167808533
            ],
            [
                -0.03279544413089752,
                -0.5249337553977966,
                -0.8505110740661621
            ]
        ],
        "fx": 560.4441410821737,
        "fy": 560.4441410821737
    },
    {
        "id": 3,
        "img_name": "3",
        "width": 512,
        "height": 512,
        "position": [
            -0.3871136009693146,
            0.27757400274276733,
            1.2095849514007568
        ],
        "rotation": [
            [
                -0.574936032295227,
                -0.7620865106582642,
                0.2977796792984009
            ],
            [
                -0.8181897401809692,
                0.5338309407234192,
                -0.21351845562458038
            ],
            [
                0.003755532903596759,
                -0.36639976501464844,
                -0.930449903011322
            ]
        ],
        "fx": 560.4441410821737,
        "fy": 560.4441410821737
    },
    {
        "id": 4,
        "img_name": "4",
        "width": 512,
        "height": 512,
        "position": [
            0.01859072409570217,
            1.0498722791671753,
            0.7664348483085632
        ],
        "rotation": [
            [
                -0.9998975396156311,
                0.0006117857992649078,
                -0.014300557784736156
            ],
            [
                0.011910987086594105,
                0.589618444442749,
                -0.8075940608978271
            ],
            [
                0.007937798276543617,
                -0.8076817393302917,
                -0.5895652770996094
            ]
        ],
        "fx": 560.4441410821737,
        "fy": 560.4441410821737
    },
    {
        "id": 5,
        "img_name": "5",
        "width": 512,
        "height": 512,
        "position": [
            1.250030517578125,
            -0.31025323271751404,
            0.1765410304069519
        ],
        "rotation": [
            [
                0.23826034367084503,
                0.13649435341358185,
                -0.9615618586540222
            ],
            [
                0.9710074663162231,
                -0.013698269613087177,
                0.23865632712841034
            ],
            [
                0.019403507933020592,
                -0.9905461668968201,
                -0.1358007788658142
            ]
        ],
        "fx": 560.4441410821737,
        "fy": 560.4441410821737
    },
    {
        "id": 6,
        "img_name": "6",
        "width": 512,
        "height": 512,
        "position": [
            -0.7551456093788147,
            0.7944623231887817,
            0.6989881992340088
        ],
        "rotation": [
            [
                -0.7194952964782715,
                -0.38066187500953674,
                0.5808812379837036
            ],
            [
                -0.6943946480751038,
                0.3799242675304413,
                -0.6111248731613159
            ],
            [
                0.011941066011786461,
                -0.8430623412132263,
                -0.5376832485198975
            ]
        ],
        "fx": 560.4441410821737,
        "fy": 560.4441410821737
    },
    {
        "id": 7,
        "img_name": "7",
        "width": 512,
        "height": 512,
        "position": [
            -0.9996976256370544,
            0.7329010963439941,
            0.39174026250839233
        ],
        "rotation": [
            [
                -0.5894661545753479,
                -0.2473285049200058,
                0.7689982056617737
            ],
            [
                -0.8077632188796997,
                0.17228440940380096,
                -0.5637701153755188
            ],
            [
                0.006950006354600191,
                -0.9534918665885925,
                -0.30133867263793945
            ]
        ],
        "fx": 560.4441410821737,
        "fy": 560.4441410821737
    },
    {
        "id": 8,
        "img_name": "8",
        "width": 512,
        "height": 512,
        "position": [
            -0.3236374258995056,
            -0.8152222037315369,
            0.9595162272453308
        ],
        "rotation": [
            [
                0.9246952533721924,
                -0.2880307734012604,
                0.24895188212394714
            ],
            [
                -0.3805369734764099,
                -0.6796651482582092,
                0.627094030380249
            ],
            [
                -0.011418483220040798,
                -0.6746062636375427,
                -0.7380894422531128
            ]
        ],
        "fx": 560.4441410821737,
        "fy": 560.4441410821737
    },
    {
        "id": 9,
        "img_name": "9",
        "width": 512,
        "height": 512,
        "position": [
            0.9250120520591736,
            0.8777504563331604,
            -0.2527976334095001
        ],
        "rotation": [
            [
                -0.6906062364578247,
                -0.1294710636138916,
                -0.7115477323532104
            ],
            [
                0.7230429649353027,
                -0.14602616429328918,
                -0.675192654132843
            ],
            [
                -0.016486672684550285,
                -0.9807719588279724,
                0.1944597214460373
            ]
        ],
        "fx": 560.4441410821737,
        "fy": 560.4441410821737
    },
    {
        "id": 10,
        "img_name": "10",
        "width": 512,
        "height": 512,
        "position": [
            -0.8390994071960449,
            -0.12837286293506622,
            0.9845975637435913
        ],
        "rotation": [
            [
                0.1755223423242569,
                -0.7433517575263977,
                0.6454610824584961
            ],
            [
                -0.9842458963394165,
                -0.14665859937667847,
                0.0987483561038971
            ],
            [
                0.021257644519209862,
                -0.6526250243186951,
                -0.7573827505111694
            ]
        ],
        "fx": 560.4441410821737,
        "fy": 560.4441410821737
    },
    {
        "id": 11,
        "img_name": "11",
        "width": 512,
        "height": 512,
        "position": [
            -0.2946173846721649,
            -0.965666651725769,
            0.818955659866333
        ],
        "rotation": [
            [
                0.9542016386985779,
                -0.19529135525226593,
                0.22662876546382904
            ],
            [
                -0.29901930689811707,
                -0.5990034341812134,
                0.7428205013275146
            ],
            [
                -0.009315017610788345,
                -0.7765669226646423,
                -0.6299659013748169
            ]
        ],
        "fx": 560.4441410821737,
        "fy": 560.4441410821737
    },
    {
        "id": 12,
        "img_name": "12",
        "width": 512,
        "height": 512,
        "position": [
            0.09714542329311371,
            -1.0998114347457886,
            0.6862778663635254
        ],
        "rotation": [
            [
                0.9966444373130798,
                0.033401861786842346,
                -0.07472725957632065
            ],
            [
                0.0810936763882637,
                -0.5269656777381897,
                0.8460088968276978
            ],
            [
                -0.011120435781776905,
                -0.8492299914360046,
                -0.5279061198234558
            ]
        ],
        "fx": 560.4441410821737,
        "fy": 560.4441410821737
    },
    {
        "id": 13,
        "img_name": "13",
        "width": 512,
        "height": 512,
        "position": [
            -0.0007824688800610602,
            0.2608891427516937,
            1.2735525369644165
        ],
        "rotation": [
            [
                -0.999955415725708,
                0.009422929026186466,
                0.0006018991698510945
            ],
            [
                0.00911044329404831,
                0.979613721370697,
                -0.20068396627902985
            ],
            [
                -0.002480659168213606,
                -0.2006695568561554,
                -0.9796558618545532
            ]
        ],
        "fx": 560.4441410821737,
        "fy": 560.4441410821737
    },
    {
        "id": 14,
        "img_name": "14",
        "width": 512,
        "height": 512,
        "position": [
            1.2071449756622314,
            0.48043712973594666,
            0.04450953006744385
        ],
        "rotation": [
            [
                -0.36958158016204834,
                0.03408101946115494,
                -0.9285730719566345
            ],
            [
                0.9291780591011047,
                0.0069558811374008656,
                -0.36956703662872314
            ],
            [
                -0.0061361780390143394,
                -0.9993948936462402,
                -0.03423810005187988
            ]
        ],
        "fx": 560.4441410821737,
        "fy": 560.4441410821737
    },
    {
        "id": 15,
        "img_name": "15",
        "width": 512,
        "height": 512,
        "position": [
            -0.2736106812953949,
            -1.1926552057266235,
            0.4389881491661072
        ],
        "rotation": [
            [
                0.9745553731918335,
                -0.07709884643554688,
                0.21046976745128632
            ],
            [
                -0.224141463637352,
                -0.3287675380706787,
                0.917427122592926
            ],
            [
                -0.0015369410393759608,
                -0.9412586092948914,
                -0.33768320083618164
            ]
        ],
        "fx": 560.4441410821737,
        "fy": 560.4441410821737
    },
    {
        "id": 16,
        "img_name": "16",
        "width": 512,
        "height": 512,
        "position": [
            -1.2905629873275757,
            0.06002594530582428,
            -0.14437392354011536
        ],
        "rotation": [
            [
                -0.05068247765302658,
                0.10907308012247086,
                0.99274080991745
            ],
            [
                -0.9979870319366455,
                -0.04347389563918114,
                -0.046173807233572006
            ],
            [
                0.03812199458479881,
                -0.9930826425552368,
                0.1110568717122078
            ]
        ],
        "fx": 560.4441410821737,
        "fy": 560.4441410821737
    },
    {
        "id": 17,
        "img_name": "17",
        "width": 512,
        "height": 512,
        "position": [
            0.11286269128322601,
            1.2067593336105347,
            0.47009971737861633
        ],
        "rotation": [
            [
                -0.9961289167404175,
                -0.013781177811324596,
                -0.08681745827198029
            ],
            [
                0.07586698234081268,
                0.3640700876712799,
                -0.9282764196395874
            ],
            [
                0.04440038278698921,
                -0.931269645690918,
                -0.3616151809692383
            ]
        ],
        "fx": 560.4441410821737,
        "fy": 560.4441410821737
    },
    {
        "id": 18,
        "img_name": "18",
        "width": 512,
        "height": 512,
        "position": [
            -0.8570578694343567,
            0.7748124599456787,
            0.5959172248840332
        ],
        "rotation": [
            [
                -0.6695364117622375,
                -0.3421652913093567,
                0.6592752933502197
            ],
            [
                -0.7427738904953003,
                0.30505654215812683,
                -0.5960096120834351
            ],
            [
                0.0028175795450806618,
                -0.8887426257133484,
                -0.45839789509773254
            ]
        ],
        "fx": 560.4441410821737,
        "fy": 560.4441410821737
    },
    {
        "id": 19,
        "img_name": "19",
        "width": 512,
        "height": 512,
        "position": [
            1.2363253831863403,
            -0.35830286145210266,
            -0.1819847822189331
        ],
        "rotation": [
            [
                0.2769935429096222,
                -0.13724562525749207,
                -0.9510195851325989
            ],
            [
                0.9608203172683716,
                0.029314514249563217,
                0.2756175994873047
            ],
            [
                -0.00994863174855709,
                -0.9901032447814941,
                0.13998830318450928
            ]
        ],
        "fx": 560.4441410821737,
        "fy": 560.4441410821737
    },
    {
        "id": 20,
        "img_name": "20",
        "width": 512,
        "height": 512,
        "position": [
            -0.34377190470695496,
            0.4845399260520935,
            1.156305193901062
        ],
        "rotation": [
            [
                -0.8289504051208496,
                -0.4928617775440216,
                0.26443997025489807
            ],
            [
                -0.5591906309127808,
                0.7405291199684143,
                -0.3727230727672577
            ],
            [
                -0.01212454866617918,
                -0.4568413197994232,
                -0.8894656300544739
            ]
        ],
        "fx": 560.4441410821737,
        "fy": 560.4441410821737
    },
    {
        "id": 21,
        "img_name": "21",
        "width": 512,
        "height": 512,
        "position": [
            -1.1157050132751465,
            -0.20596837997436523,
            0.6346487998962402
        ],
        "rotation": [
            [
                0.18195344507694244,
                -0.4799230992794037,
                0.8582346439361572
            ],
            [
                -0.983306884765625,
                -0.08947212994098663,
                0.15843722224235535
            ],
            [
                0.0007503943052142859,
                -0.8727362751960754,
                -0.4881913959980011
            ]
        ],
        "fx": 560.4441410821737,
        "fy": 560.4441410821737
    },
    {
        "id": 22,
        "img_name": "22",
        "width": 512,
        "height": 512,
        "position": [
            -0.9232639670372009,
            0.6464242935180664,
            0.6478573083877563
        ],
        "rotation": [
            [
                -0.5678481459617615,
                -0.41612502932548523,
                0.7102030515670776
            ],
            [
                -0.823046088218689,
                0.27447783946990967,
                -0.4972494840621948
            ],
            [
                0.011982946656644344,
                -0.8668920993804932,
                -0.4983517825603485
            ]
        ],
        "fx": 560.4441410821737,
        "fy": 560.4441410821737
    },
    {
        "id": 23,
        "img_name": "23",
        "width": 512,
        "height": 512,
        "position": [
            -0.7534830570220947,
            -1.0527968406677246,
            -0.11782154440879822
        ],
        "rotation": [
            [
                0.8143309354782104,
                0.03043336234986782,
                0.5796023607254028
            ],
            [
                -0.5797582268714905,
                0.08962935954332352,
                0.8098437786102295
            ],
            [
                -0.027303121984004974,
                -0.9955101013183594,
                0.09063196182250977
            ]
        ],
        "fx": 560.4441410821737,
        "fy": 560.4441410821737
    },
    {
        "id": 24,
        "img_name": "24",
        "width": 512,
        "height": 512,
        "position": [
            0.6238025426864624,
            -0.6001260280609131,
            0.9699066281318665
        ],
        "rotation": [
            [
                0.7084349393844604,
                0.5175574421882629,
                -0.479848176240921
            ],
            [
                0.7055176496505737,
                -0.5377151370048523,
                0.4616354703903198
            ],
            [
                -0.019098753109574318,
                -0.6655800342559814,
                -0.7460821270942688
            ]
        ],
        "fx": 560.4441410821737,
        "fy": 560.4441410821737
    },
    {
        "id": 25,
        "img_name": "25",
        "width": 512,
        "height": 512,
        "position": [
            1.2305068969726562,
            -0.010504473932087421,
            0.4192163348197937
        ],
        "rotation": [
            [
                4.592840559780598e-05,
                0.3225753605365753,
                -0.9465436935424805
            ],
            [
                0.9996895790100098,
                0.023568153381347656,
                0.00808036420494318
            ],
            [
                0.0249148141592741,
                -0.9462503790855408,
                -0.32247409224510193
            ]
        ],
        "fx": 560.4441410821737,
        "fy": 560.4441410821737
    },
    {
        "id": 26,
        "img_name": "26",
        "width": 512,
        "height": 512,
        "position": [
            0.5746443867683411,
            1.162574291229248,
            0.09057993441820145
        ],
        "rotation": [
            [
                -0.8941031694412231,
                0.07200851291418076,
                -0.44203415513038635
            ],
            [
                0.44551196694374084,
                0.04204908385872841,
                -0.8942879438400269
            ],
            [
                -0.04580921307206154,
                -0.9965173006057739,
                -0.06967687606811523
            ]
        ],
        "fx": 560.4441410821737,
        "fy": 560.4441410821737
    },
    {
        "id": 27,
        "img_name": "27",
        "width": 512,
        "height": 512,
        "position": [
            -0.2692030668258667,
            -1.2297155857086182,
            -0.32454439997673035
        ],
        "rotation": [
            [
                0.9775278568267822,
                0.039464015513658524,
                0.20707930624485016
            ],
            [
                -0.21035420894622803,
                0.2468964159488678,
                0.9459351897239685
            ],
            [
                -0.013796739280223846,
                -0.9682379961013794,
                0.24964956939220428
            ]
        ],
        "fx": 560.4441410821737,
        "fy": 560.4441410821737
    },
    {
        "id": 28,
        "img_name": "28",
        "width": 512,
        "height": 512,
        "position": [
            -0.2792542576789856,
            0.9947591423988342,
            0.7889683842658997
        ],
        "rotation": [
            [
                -0.9646728038787842,
                -0.15252037346363068,
                0.21481098234653473
            ],
            [
                -0.263279527425766,
                0.587497889995575,
                -0.7651993632316589
            ],
            [
                -0.009492507204413414,
                -0.7947224974632263,
                -0.6068987846374512
            ]
        ],
        "fx": 560.4441410821737,
        "fy": 560.4441410821737
    },
    {
        "id": 29,
        "img_name": "29",
        "width": 512,
        "height": 512,
        "position": [
            -0.9322433471679688,
            0.9058595895767212,
            -0.018455451354384422
        ],
        "rotation": [
            [
                -0.6968340277671814,
                0.013235134072601795,
                0.717110276222229
            ],
            [
                -0.7172190546989441,
                -0.006750547792762518,
                -0.6968150734901428
            ],
            [
                -0.004381554201245308,
                -0.999889612197876,
                0.014196501113474369
            ]
        ],
        "fx": 560.4441410821737,
        "fy": 560.4441410821737
    },
    {
        "id": 30,
        "img_name": "30",
        "width": 512,
        "height": 512,
        "position": [
            1.1744861602783203,
            0.5562688708305359,
            -0.033867910504341125
        ],
        "rotation": [
            [
                -0.4277403652667999,
                -0.028540749102830887,
                -0.9034509062767029
            ],
            [
                0.9038262963294983,
                -0.0005993419326841831,
                -0.42789915204048157
            ],
            [
                0.011671085841953754,
                -0.9995924830436707,
                0.026052240282297134
            ]
        ],
        "fx": 560.4441410821737,
        "fy": 560.4441410821737
    },
    {
        "id": 31,
        "img_name": "31",
        "width": 512,
        "height": 512,
        "position": [
            0.40669378638267517,
            -1.1875449419021606,
            0.33813726902008057
        ],
        "rotation": [
            [
                0.9443261027336121,
                0.10187467932701111,
                -0.31284141540527344
            ],
            [
                0.32851922512054443,
                -0.23999954760074615,
                0.9134962558746338
            ],
            [
                0.017980342730879784,
                -0.9654127955436707,
                -0.2601056396961212
            ]
        ],
        "fx": 560.4441410821737,
        "fy": 560.4441410821737
    },
    {
        "id": 32,
        "img_name": "32",
        "width": 512,
        "height": 512,
        "position": [
            -0.034604381769895554,
            0.9403979182243347,
            0.8969137072563171
        ],
        "rotation": [
            [
                -0.9991090297698975,
                -0.032751817256212234,
                0.026618756353855133
            ],
            [
                -0.04186464101076126,
                0.689176619052887,
                -0.7233830690383911
            ],
            [
                0.0053470847196877,
                -0.7238529324531555,
                -0.6899336576461792
            ]
        ],
        "fx": 560.4441410821737,
        "fy": 560.4441410821737
    },
    {
        "id": 33,
        "img_name": "33",
        "width": 512,
        "height": 512,
        "position": [
            -0.4760248363018036,
            0.4943388104438782,
            1.1040966510772705
        ],
        "rotation": [
            [
                -0.714506208896637,
                -0.5961528420448303,
                0.3661729693412781
            ],
            [
                -0.6996098160743713,
                0.6049363017082214,
                -0.3802606463432312
            ],
            [
                0.00518215773627162,
                -0.5278768539428711,
                -0.8493051528930664
            ]
        ],
        "fx": 560.4441410821737,
        "fy": 560.4441410821737
    },
    {
        "id": 34,
        "img_name": "34",
        "width": 512,
        "height": 512,
        "position": [
            -0.7397966980934143,
            0.3532036244869232,
            1.0089340209960938
        ],
        "rotation": [
            [
                -0.4165944457054138,
                -0.7089453339576721,
                0.5690743923187256
            ],
            [
                -0.9090030193328857,
                0.3160622715950012,
                -0.2716951072216034
            ],
            [
                0.012754040770232677,
                -0.6304770112037659,
                -0.776103138923645
            ]
        ],
        "fx": 560.4441410821737,
        "fy": 560.4441410821737
    },
    {
        "id": 35,
        "img_name": "35",
        "width": 512,
        "height": 512,
        "position": [
            -1.2319096326828003,
            -0.25816333293914795,
            0.3251924514770508
        ],
        "rotation": [
            [
                0.21076461672782898,
                -0.23997749388217926,
                0.9476228356361389
            ],
            [
                -0.9772757887840271,
                -0.07412945479154587,
                0.19858717918395996
            ],
            [
                0.022590311244130135,
                -0.9679440259933472,
                -0.25014805793762207
            ]
        ],
        "fx": 560.4441410821737,
        "fy": 560.4441410821737
    },
    {
        "id": 36,
        "img_name": "36",
        "width": 512,
        "height": 512,
        "position": [
            0.14586742222309113,
            -0.8175827860832214,
            1.0001404285430908
        ],
        "rotation": [
            [
                0.9826855063438416,
                0.14744189381599426,
                -0.11220571398735046
            ],
            [
                0.1851087510585785,
                -0.7551206350326538,
                0.6289098858833313
            ],
            [
                0.007998816668987274,
                -0.6387909054756165,
                -0.769338846206665
            ]
        ],
        "fx": 560.4441410821737,
        "fy": 560.4441410821737
    },
    {
        "id": 37,
        "img_name": "37",
        "width": 512,
        "height": 512,
        "position": [
            -0.6366788148880005,
            1.0959293842315674,
            -0.28909990191459656
        ],
        "rotation": [
            [
                -0.8647876381874084,
                0.11083483695983887,
                0.48975294828414917
            ],
            [
                -0.502136766910553,
                -0.19279910624027252,
                -0.8430226445198059
            ],
            [
                0.0009876549011096358,
                -0.9749585390090942,
                0.22238454222679138
            ]
        ],
        "fx": 560.4441410821737,
        "fy": 560.4441410821737
    },
    {
        "id": 38,
        "img_name": "38",
        "width": 512,
        "height": 512,
        "position": [
            0.48306748270988464,
            -1.08475661277771,
            0.5291017889976501
        ],
        "rotation": [
            [
                0.9110937118530273,
                0.17840635776519775,
                -0.37159037590026855
            ],
            [
                0.4119989573955536,
                -0.3660416007041931,
                0.8344281911849976
            ],
            [
                0.01284974068403244,
                -0.9133371710777283,
                -0.40700140595436096
            ]
        ],
        "fx": 560.4441410821737,
        "fy": 560.4441410821737
    },
    {
        "id": 39,
        "img_name": "39",
        "width": 512,
        "height": 512,
        "position": [
            -1.1255156993865967,
            0.031011389568448067,
            0.6498096585273743
        ],
        "rotation": [
            [
                -0.0179651640355587,
                -0.5000998973846436,
                0.8657813668251038
            ],
            [
                -0.9997009038925171,
                -0.005385624244809151,
                -0.02385491505265236
            ],
            [
                0.016592614352703094,
                -0.8659510016441345,
                -0.49985361099243164
            ]
        ],
        "fx": 560.4441410821737,
        "fy": 560.4441410821737
    },
    {
        "id": 40,
        "img_name": "40",
        "width": 512,
        "height": 512,
        "position": [
            0.3491256833076477,
            -0.00908188708126545,
            1.2522095441818237
        ],
        "rotation": [
            [
                0.12954063713550568,
                0.9545133709907532,
                -0.26855823397636414
            ],
            [
                0.9911521077156067,
                -0.13254743814468384,
                0.0069860671646893024
            ],
            [
                -0.028928415849804878,
                -0.26708704233169556,
                -0.9632381200790405
            ]
        ],
        "fx": 560.4441410821737,
        "fy": 560.4441410821737
    },
    {
        "id": 41,
        "img_name": "41",
        "width": 512,
        "height": 512,
        "position": [
            0.3034621477127075,
            -1.2634538412094116,
            -0.039938315749168396
        ],
        "rotation": [
            [
                0.9722403883934021,
                0.01605796255171299,
                -0.23343242704868317
            ],
            [
                0.23276229202747345,
                0.03544336184859276,
                0.9718875885009766
            ],
            [
                0.023880163207650185,
                -0.9992426633834839,
                0.03072178177535534
            ]
        ],
        "fx": 560.4441410821737,
        "fy": 560.4441410821737
    },
    {
        "id": 42,
        "img_name": "42",
        "width": 512,
        "height": 512,
        "position": [
            0.43888789415359497,
            0.3056751489639282,
            1.1848797798156738
        ],
        "rotation": [
            [
                -0.5508171319961548,
                0.7632972598075867,
                -0.3376060724258423
            ],
            [
                0.8345498442649841,
                0.4982351064682007,
                -0.23513473570346832
            ],
            [
                -0.011270498856902122,
                -0.4112653434276581,
                -0.9114460349082947
            ]
        ],
        "fx": 560.4441410821737,
        "fy": 560.4441410821737
    },
    {
        "id": 43,
        "img_name": "43",
        "width": 512,
        "height": 512,
        "position": [
            0.6079288721084595,
            -0.7918633818626404,
            0.8326911926269531
        ],
        "rotation": [
            [
                0.7956611514091492,
                0.38501736521720886,
                -0.46763765811920166
            ],
            [
                0.6057223677635193,
                -0.5119240880012512,
                0.6091257333755493
            ],
            [
                -0.0048710256814956665,
                -0.7679162621498108,
                -0.6405317783355713
            ]
        ],
        "fx": 560.4441410821737,
        "fy": 560.4441410821737
    },
    {
        "id": 44,
        "img_name": "44",
        "width": 512,
        "height": 512,
        "position": [
            -0.33458730578422546,
            -0.9366791844367981,
            0.8370683193206787
        ],
        "rotation": [
            [
                0.9500880241394043,
                -0.17632627487182617,
                0.2573748528957367
            ],
            [
                -0.31027811765670776,
                -0.6201410293579102,
                0.7205224633216858
            ],
            [
                0.03256165608763695,
                -0.7644175291061401,
                -0.6438987255096436
            ]
        ],
        "fx": 560.4441410821737,
        "fy": 560.4441410821737
    },
    {
        "id": 45,
        "img_name": "45",
        "width": 512,
        "height": 512,
        "position": [
            0.9707863926887512,
            0.5424980521202087,
            0.6732529401779175
        ],
        "rotation": [
            [
                -0.48636311292648315,
                0.45365428924560547,
                -0.7467588186264038
            ],
            [
                0.8737524151802063,
                0.24982434511184692,
                -0.41730621457099915
            ],
            [
                -0.0027542144525796175,
                -0.8554447293281555,
                -0.5178868770599365
            ]
        ],
        "fx": 560.4441410821737,
        "fy": 560.4441410821737
    },
    {
        "id": 46,
        "img_name": "46",
        "width": 512,
        "height": 512,
        "position": [
            -0.309249609708786,
            1.1836644411087036,
            0.4396625757217407
        ],
        "rotation": [
            [
                -0.9693951606750488,
                -0.060697246342897415,
                0.2378842979669571
            ],
            [
                -0.24432121217250824,
                0.3335815966129303,
                -0.9105110764503479
            ],
            [
                -0.024088306352496147,
                -0.9407652020454407,
                -0.33820196986198425
            ]
        ],
        "fx": 560.4441410821737,
        "fy": 560.4441410821737
    },
    {
        "id": 47,
        "img_name": "47",
        "width": 512,
        "height": 512,
        "position": [
            1.2296220064163208,
            -0.2369738519191742,
            0.3491034209728241
        ],
        "rotation": [
            [
                0.1924051195383072,
                0.2613873779773712,
                -0.9458630084991455
            ],
            [
                0.981246829032898,
                -0.06265728175640106,
                0.1822875738143921
            ],
            [
                -0.011617534793913364,
                -0.963198184967041,
                -0.2685410678386688
            ]
        ],
        "fx": 560.4441410821737,
        "fy": 560.4441410821737
    },
    {
        "id": 48,
        "img_name": "48",
        "width": 512,
        "height": 512,
        "position": [
            0.21508195996284485,
            0.34704703092575073,
            1.2342195510864258
        ],
        "rotation": [
            [
                -0.8778485059738159,
                0.44945409893989563,
                -0.1654476672410965
            ],
            [
                0.4785844385623932,
                0.836474597454071,
                -0.2669592499732971
            ],
            [
                0.018406853079795837,
                -0.31353047490119934,
                -0.9493997097015381
            ]
        ],
        "fx": 560.4441410821737,
        "fy": 560.4441410821737
    },
    {
        "id": 49,
        "img_name": "49",
        "width": 512,
        "height": 512,
        "position": [
            -1.2786306142807007,
            0.10583920776844025,
            -0.20952697098255157
        ],
        "rotation": [
            [
                -0.07707934081554413,
                0.16329234838485718,
                0.9835620522499084
            ],
            [
                -0.9964792132377625,
                0.020016390830278397,
                -0.08141478151082993
            ],
            [
                -0.03298177197575569,
                -0.9863746762275696,
                0.16117459535598755
            ]
        ],
        "fx": 560.4441410821737,
        "fy": 560.4441410821737
    },
    {
        "id": 50,
        "img_name": "50",
        "width": 512,
        "height": 512,
        "position": [
            0.9976860284805298,
            -0.36847400665283203,
            0.7475623488426208
        ],
        "rotation": [
            [
                0.35352689027786255,
                0.5348252654075623,
                -0.7674508094787598
            ],
            [
                0.9353623986244202,
                -0.21156123280525208,
                0.28344154357910156
            ],
            [
                -0.010771128349006176,
                -0.8180488348007202,
                -0.5750479698181152
            ]
        ],
        "fx": 560.4441410821737,
        "fy": 560.4441410821737
    },
    {
        "id": 51,
        "img_name": "51",
        "width": 512,
        "height": 512,
        "position": [
            0.988323986530304,
            0.11325030773878098,
            0.8368930220603943
        ],
        "rotation": [
            [
                -0.09237553924322128,
                0.6430302262306213,
                -0.7602492570877075
            ],
            [
                0.9953948855400085,
                0.03999898582696915,
                -0.08711562305688858
            ],
            [
                -0.02560877613723278,
                -0.7647955417633057,
                -0.6437638998031616
            ]
        ],
        "fx": 560.4441410821737,
        "fy": 560.4441410821737
    },
    {
        "id": 52,
        "img_name": "52",
        "width": 512,
        "height": 512,
        "position": [
            -1.289316177368164,
            -0.11946742236614227,
            0.11572043597698212
        ],
        "rotation": [
            [
                0.09181201457977295,
                -0.08910442888736725,
                0.9917817115783691
            ],
            [
                -0.9957634210586548,
                -0.003145442809909582,
                0.09189802408218384
            ],
            [
                -0.0050689284689724445,
                -0.996017336845398,
                -0.08901572227478027
            ]
        ],
        "fx": 560.4441410821737,
        "fy": 560.4441410821737
    },
    {
        "id": 53,
        "img_name": "53",
        "width": 512,
        "height": 512,
        "position": [
            0.4634886384010315,
            0.5513609647750854,
            1.0822103023529053
        ],
        "rotation": [
            [
                -0.7572363018989563,
                0.5472474098205566,
                -0.35652974247932434
            ],
            [
